$ANSIBLE_VAULT;1.1;AES256
62663431633634333435336131363239393865613261373638656330363334313930333462663837
3437353238353262663937613164303934663139383661310a313261326161623636363230643135
35656237333933623539313165636431636233353338323035326334633132653930316561383530
6633336665613236300a653232396661353835306238386338313738396362663837633735366361
33626163313965366430643466663933306334353165613231316365666631383537656536323432
37363362666161333339623436323234323262623330373966376431326661366335373662656161
30343364333232636665633837313433656439346362313961663731636132353432653339396534
36623234383632316663353162346261386633386262383264653463653538663136386330363036
32366266643235643665366230393737663334626266613437346133623161376564313464343963
38373535313165323331376532373833363431333935326632363965336133316464346131353832
63376539613234343639646462363163303030376563326130303233643331323363366631643930
31346632383036343738303565646532386461633734373234363030306534653930663961633166
36613463663632633964653933386335653931646262353938646331643964353035353737633430
38613031333431616138646462633362343963363966656237653935323133336432643639363333
66363664376433386134376538386534353634323334623965643733653036306439626531643233
64653037326364343539313763373263663466613265343964643764323566353566326636666464
34323061396333376330643633623139343464613539376161326235393262326530636461646335
38313332306234323832636464353730643663366130656639316435343065323839336233623335
38303735643330343331363730383665303737633634373539356263616238626634666234653837
35393935356631386264346637363666653063613633633434623732346434626232313364363566
36306534313766303437346566653564326336646534663164636634323466323864623935326261
39333132613933343363323937346430633366663265316531383332323539653864383933323437
64376265313832623931313063303737343236383061333739663462363931303761656533353862
36353665366338313638303336396365343938303566613738326330653130623039653264346664
31646130313637366138643333366338656336323237646264346638333132303566623031386265
65346131343136393238376632336238343531303166326637366362346235393632653166616439
66306261303463316337316163383936636362333966383039316335313666366130623030343138
34343137313932316230323434366438613930643336333033633539353630343331653133383831
32616236386336393166383866343366636162343431393531323464393436663838353866656339
35646531623365646536373664383531336664336363316530633365353533333263613665386262
36316132343137656537613262323064383832353934386431623934653132636532646234396534
61313436646431636262346338646638656339623362383935353630373766623433633139663263
38613965393061643264663735333139623033333464656135643961383332636464623439383634
63316334346638653935396636656433313766633837363430353662323635333465646439306137
33336463626630373164656637626366353034323064346262663839303238326633323238396435
32376165366435323535383433373236633264366134313935383863383136366330333132616265
31303633663536383235336436356464653038633261373863633965323731663936353236636135
64343766643839616630636332393838303733316633323337633930656165323732373131626633
39336535366432343766336232336238343364333535653562373739346238396234333237343363
66663363643134613538
