$ANSIBLE_VAULT;1.1;AES256
35376533336232636636666234643438666630653361653365313864393136353137663465336636
3230326337636336326131353562396433666462616566310a363338643031663533356637643337
31386530393835393834316331313964346330386530653566646461656332323166643034306530
3633353934613134350a313035363166393239386563343438333566313936393263626561343836
33333739393437656464633132653434653737343864323733636363356531633738383331363138
35356437346430353737356566633633613030653936613535363935616430343663343662373766
62373636343636616465383065616139356233653332386639386265663461353430646431363561
31643262613436343234363466396662353562623766366136313438646239633034363834353566
36333565396164646465356639346337663432643233393937376630306534653634333636633331
62633733393465646533306234363136366366306438376563366631343038373365386361333035
61396664393935373235326464363932306661313734666262633937663665353166626431333738
33653031623163393838663865353364316361376266643731633039663366643364623130383739
31313734616561663038383764356465663263303933346261313165366238373132353763353937
66303461383138306338306163313339636665636665363539333937303766323863306630636333
37623833363639383361383566376262303836623065393332643262333263636532303734356461
34363066653663636639633061366239383031323564656466376261643534633630313766656166
33353461313463313138366266633135353065643662316462653964333065393166393335383838
39306161303435643532363039663861303363333431396630373639333037396563663432303865
31653434383935613839333636613361626632353165323636306232333836333863613235626132
30356536323334333835356338326234313132306466373632633231353266653434633930396263
61396162356563383163303763356435646633313035633666333162316162633864643738386265
35356233333631636237363063613939663766623630643837326431353733323763326437363139
36326639643437626661323231623062346430313262373632366465663637363133633861623936
33336133613936636531366536353634396335353130633662323961363738653134333634616439
64653936363830363535343863383638313334656530333865313933326264643764343431343433
32343030316537383432353330393636356639363930303435346636383638653463386563383733
35386538386630316632303933376166343431656131353364303130626131613164353633653934
39376362623837373734346638653061366466303934643936393664373230626664313034333733
64373933356432316230386333373430356466353961306263653632303930613139356335363237
32666366386261613939393662643437353065663737353530336664646336376132306562383933
35623330333566323264636234333033653439643530326666316238376537653431383030636365
65373362626333643232613931343262353039323463643761333861643131333930663765333064
31396466626334633835613931666235303364383138363630393736383430343236396536303237
62643962366561623038336164366634663031313536313064343863616539386630363566633962
33653333366631306637393865353861313330353664323462666132323736373961333736643863
31383437633962363138653461396266653338643834306638343433333337643661636437363433
38653065383936336634383431373234373362376536616636656662363039656364316438383462
36393934636664626437666665393239633636323564623436333463613836323766313137303262
61346237613361323136646437356135306662643430306335366136393636656638383535396435
32336332633366373536363862326263363831343638303338356233346233623238383531643038
66336230366139373633393434393963316365383537353739363163313135343862326163393035
62643136313637356564353630323163343536313762646131366230623436616639323664386463
63616365373962353966393735323064623430613533393938396233396130346564303839303065
38333630623133353239646333666630353830343536333366316237323932393136333830333530
32666430653261363136623464613030636365363030373065306463393235616639373033663061
65646539376334383936366338303936663437316637636461343833666566393031323265336131
61306565376635373464623330623361613737656435613732316330623731663137656638653936
33356364633535653338353536343862613137373830323634396637656339363662663836623864
38366637336332303261393634613834333662373630396564343163623835306335343436343935
32633338643333323634363336343562666565383335663337393463323238643535326463313166
66303938303961306565346565643664613539376636653464623435383631653639303565353765
65653165626332353763336465363561306536323237336561633932633162626261363361623739
31386165346334313738376639313634633130656238363131643766656266303864633132353931
32623039616161303839386163383137646430396336663336363561386437613335376661303462
63323437343866306138633630396262623437653738623737353862643338376233323630303762
63616361653564643861396663636636363966363739316437333131343939646635366461646564
63666133393433353332343664333236373334663731663666666436616266306531613839323863
61353363623439666231616230316462623734353231633065623364633934303836353562333734
37316238386562393763383738353433646532663265613731353734303437663539323164336566
63656638663036366537353864356534646530623065366638353562333965376137666139306262
36666562363137633664616236323464653331363165383437656366613239623061336530633834
39653835313065633937616630646632613430616265653433366330633961656162303238323536
62316564633438343961626239353031633739303038343437623033386636323165303561393363
38376162363236363635326633616166323261636230366661336563313665633038653361343435
36656438316365316266633062343064353862343061343239323466663766373065323039393431
31346566613861613930323031336465313132623132666536616434636663313535643333643834
31353763356530633832656335613939333762303437363731393130626234303164323765373363
65323933643135353434313062613831353231346338326631316362616539323438373166356431
65666464653261353832653338353834303932366132393063626534366135373131383032303065
31663662336539346166643839393735633763326536636634316439393531333566393839663762
66376438346535663862373030653536646531323138633866633436353830303237373764326638
34646365353236303232653937333631653433363763313063653539633936646161636465366466
32383266393465363063663534383465386535336232383339656233643466393439333635353134
34363264396338633234313734663662353138626361343634663431356535313035653232373933
30363130323261323730323934303562653162613938326164623734353463643233656635626163
31303966643738326161396630303963373137396265663835356661323165626639616232633632
65363335303938383764653362393864303565393735316232313731636565666364626566333534
35346534306332656436343264363961363839613962633637656261613366353531646461356233
37313362643334663733343062656337646635643830313865653037643764626331636330396439
64613638626438636563386133663037316231303838663231613337666436326266333865376461
32666636346234323365616134616332366337313838396662323466613530663935653361663762
39396136643363626165383831613730396639323337373463323863336134343134343132303539
36643166393338303136306337643231306235323666396536633836373765356133346364353735
34373035663037343535323331323433633563396266636265646465393566346266323134366234
64396563653365363336303562333166306538653037643664333235643763376365363833646634
35333461343438663361623332633337316536303639356134313237353632626532316561356436
36646665656635636333316634393434623535323463356537383066343762663535613530626362
31376263353664366531313435643865323936316266646266663935653139313462333961343036
62316166356331366638396330356561383562343030306333303861376365393761643436353135
64666333306661626662393434393632613265353631393734326332393236356138613139633833
36613733353264313335343034333237303066363965393564313037616565393431386566616537
37363466313033363166326435373132373035393431373231383663383264653034386165313733
33303061313935363736333065643430336438366664646463336666613333326131353864343333
61653135383333663338346362336662333630343435333232376235626331616639643963346665
66346434363263663265326633313064333863633230376662353162636332363165366263383738
39343336383632643331336334356262396564636338393865653061633734613964643032303839
33386232373330333161656463663539636636313862613066373935313261353137613030383361
62376534666137376163623538323831646530346433613331623339653263633263323036623436
62363865373834626136393763663030363730653165663364346138306136636565663338313139
37333138663833626362623833626163373538306166343363366532353066303464616134303037
30613963636537316464356438313531646166343539316134353462623839626437376236643435
34373733366337663230346263393338366334633766333030343964623632626366633236306436
31663237656533353263643362376264613430353165626133666466313234303231653163393036
63383539666432343065343964616231383866633330643066653934363363346131313962303235
39306361373134313230383166316464323164316362633333306538613737373631653862393361
32663463643234656639383063326633333062363738616330343437346263333130643365663234
38633038323738643966346466393836643632643661633839363334626461313138323236353231
30633636343165636261633936663865643230623061326137353135336566633061643835393039
30333432323233323963386536386566363237663535303631346465366335323264656530303365
63613761613830386236636536376666623130383661633730363034633664386233333964623732
65376164393239333430333430353537623137363763626136663065393435663864653564663430
31613332366361613338336666386464613566333566373539616435356434633533363961626234
66656665383238323263376166336234623337303539663436633665623035656537613665393230
39623335313265313132623339633139663063323864626336386330363761343063623733663534
63363562343765633266316139386531626135633163323736633236663034656132356365633861
62396630646632386238333661346166323462353966613533616432643963623236373938333934
61663230633530343134636630656166326636643330663334383334656134373439663638663839
39346537373733396438623130626237613939313137336435326430306563336532623365663966
31646633313132313063633838666637623464303863383735613862323563303630323534333561
30633036363734633835613564306139363830656230383233666539653062373366306562363631
37643166316136663437356466356635616566383961396634316163393736303064366435636531
64326430303630326561663666336365623463353566343438353063386566643636636561333136
65343262386663646561396133333862316532376362316433333532313965666361343736643131
32393038643364636633373332363963626333336665353834356266616633316664636434336162
31353038613637383734303065626563393035363864373262656631613965623265623036383766
30353139633436643136306332633465303865333635636264326666633466333733653362386134
37626137356438343137366561633030326333633236623337636264373433636465666638393235
37663733316664383431623038613361663337336433303130373232666531306636663437313465
31313364393130633363336661656561623264393334643332653536343838646134383334653238
37623061613037353931366132643561663062313231336265343031633066663961396230386561
32353533393165393264633736663363343038323338366531646563336431326239393962316466
63626165643764633535396130343366643830633030343133353262383933346363643231356330
61373437613665323836613437643766646330373037356231663932643862313334336431393366
66306535396231636535613062663634373739306338653462306331613661613236336662306265
38653162666562633263643435376335636365333666363732643338653863366636316264656431
33613035646439313962303866626535323562376134346461386265353330353762363266643164
64666439373035326138666431356138663536393262313431383263326564613637653666643632
61663131353661313733653339653464366431383161373536373538633831303563616662303336
65653137333835663939383438333462363432336131376433396631663936326536363139623761
63363163343863623661343635633139393331313230643462316263333538336434656238326435
32363634653631373133653362636137643433636334643930653931663861643238303939393939
30616461356461323334616366373137303565313537343864376237333564316234316437613030
66396165623163366266636234613966636662666139343733313033613964396561313234653036
62363864666465343233613662333363393832666137326333303530323935363430306438316632
63313738333539343664323830376235646165366362396633623535353265643561356532363739
39386465633031623634383365333935633462343761653032616565303834356633393838343639
61336231333939386631313732343330316630663233353365656663656631393164303862626264
30386238663030643930373564346239616239376365653835363731383932633963336338626261
65316132643938313938333438356137393963663334633438373165363036636334323330316431
33363336323736383731623032626238613461656138633836333032313262633639313630363562
30663836643835636635306634383061663966656436613434636330386662663634386330333237
35656634333033643961343962666331636433303366636464316430363263313436643463663363
64373437376535326137313938356530666538313831613933356231313836313032303736356237
63316264393630643766633064346334303461363835616635633861653961386364633233613764
62323933656437366465633162323439643363666538646665373961623961333133663064333636
31653231343861383464303639376632323133306638396638386330313963396664643463333336
38333636383263623063336435613337313665623230666530313636346136323066363164633432
31636339663365343832396362616531383736643839363231306463306162336533376433383433
33346664646331363732386462316535653262653562633662363134363166663861396462326565
65633961663432643863623264393239613438316130633839626439666237336265613339353165
64646639336139386561303936656637343733623534353931393632353164616438323562643466
35343139383836353339333234613039653065653731663763363735393634393333333535643338
36326633623638373964643338343330356561383437323332366161323330333261396565383639
37323634313363646563646632313137356139393534633937373631326166323030346134663531
36373962373734373262353037306436663165636265303237383136663838396664313364363031
35393561643730373162376262653436323636303830643633393431656530303933383938366362
33626464633231346130373762656538343237323938333531623962643436323931633330393431
62626332336166666263326335313962316261643362353630393834303931653539323863653739
36613330313431643361623261636638613534653265303738326638396430646161633232636263
32346234333839643333613462383538323137303864393461633636623037343262626133306630
32313564326133613732376330303464396334383239306636616132323533393563363138373231
38363434323139396232393138656561396539613163363964643035613362303135333838306335
62373563663766316235643430363831396239633461623333313930663239393064356632383830
33653335353831366637643334396639653536313265643165663436643132356236616336656165
39303338356330373630633734333566306632306431626664633661393964656434656537393531
37356631366631313461316535323465666466643262306438636237323739383065623836383239
61373732386461343831653534346132366661343534313233346538643938396235333864323831
64396561663633306538633764663137323538613438333461616564653632323961383763623064
37306565343264383933326363613164346562333565353232373338373435323635616465636637
65613562393536376665343839366438356536353565623438613066653561346266636162616463
36623837343936323964623132383364613739303935656333313435653337343062383461653831
38653665373732613934656437373038316537643631636333363565623230386133663931656332
33633534363632636465303432346431363962343337363164643634616538386335636465336364
66333562616163313932316137626431353739303463316533376239316435636165633661643739
61633537313938653432373633396562653235346637343837616163326630663234383635653538
39663465313937366366323164656461353363636332323863386637653762613931393763383461
31313066383036363539396332346537393764323465343466623435323337633433666236653437
30636532323030393239343461613836656431326261633333623764653835373230363465373437
65313434366230393666616633656335613064343430353431306432313734646362623536336337
36613237343065653461616364323233313337323235633462616138363933373132396638643338
39343636366563616563616436383435393463366432646365653830663830386633623864323837
37663034373463656336626538326334323930373636633430363365633733303261313035316438
37626163386232633834383264376136353865643962346335386264383365303364643135663464
63323032663339333762653463363364636432353937646164366630376331393066663331363536
34353334383233303231353361303134636562346365613263633234383262353962313365313731
36326666353966393438393738663738636332373062623363646130396661383133366561663930
66643337303930663834306461623062353766343939653734383538363862656564643930383133
35623664626239663136613666656564326463393336633965663366653333643866643330613132
62633162363334346436663534353566316164626164646265633034373566623464373963373235
36336438303230393361623732316263383935646566323933366565356333633332396635353263
33343564346431643837666333376263356538366439623164303765643934653263616631373764
61613833313265356461313230623731626130613061323934396239636238363933336432346533
31643732613033376664626533316433383434336332353037656134383433363134663838366638
36336138336537396663363664343332643539303636303938613231373630393562643038663635
64626239383466313939386565393335613262393338663866343231376537323839646438303865
32393734366439636438303735373534303938616136396130376332613337626136313866636363
34333037386463373434383334343164306132376433643430633138373636633235356162666561
38623636326331623131643461656439303836353737326139336136623639336663333964353463
65306236613635626538333231643765356131636566316437626438366535343139646538323936
65353938393565336365326662396363636532386632393737643637323035303664623330303839
61376161623636616633396263653265643737613734623932303939373730386539643961323463
64393832613361626466343265666437313333386534303765313636373864363238626239393661
30376164343166353162393838316461363761643931393135363636306133636666353538353066
66626436663066613334356432303561656230383931333130353134303034643633353234633032
37316430666563333963393832626337343530323965316538326666366162613431313964353635
61303564633537393564306662663565633063363161376430316463353036383136616337666336
66666634633931643663383030616533653661623535613064383332383565633763313662383137
35656264613530353639656531656135316335643864626632366535376435613866363635653336
32626630656361373336623062623935656538326638353637373864666435663561386161383664
66303637323936323930316430623838343939303638646337313933643263646635623364376366
34303731653564333761303834383232366138303338353164346364306630333963303161646230
30326632646361343462656539623334333336646161303564613763323730636661663236323663
36306331633436363462626136343630386139616365303533636563333233366237313961313665
34333163316462303233343531633562623561313039306165623664316132636562373263316363
39383633316133376236356539366537353130353935336636643331333934303837623934623831
61643038383936383339643539646230346631333632323632613535666130356334623535323966
35613136313061373734366432393433623436393732646432636533626565303231643234613563
62373034623531303535653539303839363364343765383937626666383233653762333861326464
65613338336561303835343030643836346666346162666439396531386430616133323030666533
64656436396335363730643833336132363235656332623565356334636332356534616131393832
33366332393331633465636433393133663934353336306139633838316561346464363439326166
38656430373232346231343332653232633033363265333132613432636237383832616132653536
62326139363431633863306461366333616232366631356631396334323138383464383464626664
64393265323765646165316466636661626466613464656564386631396262376539316266303333
61623763373534353133373265633737626632366166643136353931616633326535326633643565
37313663633464663537623339383038353130303133663766396536306230666563613032346236
36313235333937313962316364333737326630306637663931373363633433613733623539653036
61386231653837396235393038343066393430613137396363643737306433643533643131646564
34376238343337326638633865323532366366306535616235643264373561383931323236333232
64636166666234623463356631343038343739363138386264376538333364623032656436613463
61613435363033666431616138386465353164383635623833303666386462643963346636363730
31393162313561373465643861373132376137336135313663666463393239383130353637303338
39393033626363633838663039636166343630333033313036643632346536626235316438633062
37396634313732643261363537366436333239366132316237376638366637636361643638626634
39383464353463326336663062636663313539363734663033636563383531326332663563656436
66326137633535343637653937333130663565333861616463393430353435393433656232613965
32643263356437393433373338376639666437333037363738616135343035303331643232303933
64326339313665343036303939373239333934646130633064333763636563633534313764386133
31663133333436656636666530646565653337666264653862323138646437346663333763396463
33366661363331663838386535343735653038313363663635373066336265626334633761306331
31373737366165663838633063333636373833643132353730633162323064373466383263663232
32343036396561396233326361616466376164333434663762633464376637633862313334383661
32663231373562393130366335373437393034353063646466356564626563633563323630626364
34356536396561383930393634393430616163636164323133646233346266666338393733346637
34336463393166353238313931386234333264613336333437303136346337376136393961393733
64643265646436613563613066313439333134366266363036346336393231383233653330663832
35316566613862633835656264333861303065653037383432326666376239326139393534323162
65343737393633383134326564373136653566653965623762643736376664343634613636343338
31623461663665393234663739333763396430396134653038646632636132653038383961333333
33336334666365626561313338353832343338663064663934363137333931343861633833316261
33353264663439633837646335353436306665373165313937306262393666303131613639623163
35353738393836313164636532373964363062626561663465623137306461643463633265363336
37363236306463373234346431393364666130613534386464386232386530343430386334333466
64363331316565333662316432353935303663623831316366346537363265376166323031643134
36666262663636396337313935303536643838633732633531343633636134316235363435613966
37353666353461623139653234656532653061643163666365333030326131306463646262643266
61613366653332633334303131303531633336646664303536666430643730616263333563383566
39353565626363306565633739626234323038336332653633363834306639656365336437393664
30336533623231613332343037366536626630383730383632636363383035616235333861383465
63623438643736333461656366393039326366366566663164366231656537616635366633303030
32323831333666343638623134326234333434383962353564663039666264393035613935646265
39623739656161663730633866326135623063616436316534656138313765306634343138353635
30366430383063623233633666356139306338633066323031383337356339346631366461643434
30646665303965633832366561653566356136333935623366623637623035383630383939356630
62383133633630353532323630643333656337633339663565306461653466376533366561653563
62613239383038383839386566386338333434313438303466656231653862643233353130336665
34393963376137353734643365666131616263626364376131613861613832333731623630313162
31373932616331353164363031393938663664663264663735303165373965333531653131613263
32613630336638316565626133643638313830383031393062623331353666623465616666393137
31613664383430653738626161383738303262356232636434613037626366343666313961323730
34373165396638346534306431393465323336646637646533333833326331306566396566316539
38646663343137323732316339353935653361333038643362663431613561323965623335366438
30373232323438613737663565383064356664366537366337323837386562373431373065636364
36386135636664393965626431316431306264306332623264343335366634383939373135653435
61306464303230646163383931373132653933303761383764613065646635323063646437356661
39626664643233336235373564613630323134353963623231623264623264343933343966396335
39663937316665326562323364323838366565343035393164626339393463356631373931633831
36613035636162363730363233343264346265643532646565383261346664323730373133393637
37623563633262396662326561343736393734636565356166366431363636626534366137623763
38373333353434313561316637643066376564313938363337346333373533383835623761643136
31376162616164636435363964323566633766613761613933323662393833376663353938333864
37323964653037306436666238643533633133306463663235303061616434373264383766363639
6261
