$ANSIBLE_VAULT;1.1;AES256
62656364343334346436623931393935383335396634653039313664356665333563393633313436
6335656136386164326637653633666233396564363163370a626262343733626335613461643036
61303037323138626330343834363263323534633636656161313465306465653931356332396565
3631633939393665330a363533353566653963363464326137336562666536653665303436626538
38333532326434383861663237306537363636633434653336306365333638373365316565656261
38363665663764343865336265353834326636346265633338366431313930643531663838313030
64326564393764643731666136303632613133343763386562633732623265613331323362643963
30663166383636316638343831316161343336303064346432323838626237663466306438373036
36616539303062633630646464373537326435356630653838633034346361623130313937323835
35356438306636383330366361653039303533363961653039313430333962323463326335366464
63353862313163376236343333643534323661326666343934333862326531626362363934346564
37633165383431343830333236663630643264633663306637666231613261363832306462303437
63623432366237663437646337646130306434366564373262643139393265383531383232393439
31653436326566323037656666343261333763383133336666633537303366323338616539623330
64366266383037376533396139663937663462343431316263653432326166366564613833366239
30393066373966383735643539363266613338396161353263373631633435653266613135326330
32393839313166623739363239646166396165326137306133366233373638383631
