$ANSIBLE_VAULT;1.1;AES256
61396531316134383735393262653437326635373264336532356664663536623931663466646637
3862366564316265613936643561353963383336663837350a353732306539623666663964323437
33303238653732653936343763303031393632383632636234633164626630633562626166346664
6666336434636462610a383163363139623933383632313433336537303361626265363537356466
66393839376164626631653566613730636132303633376162653837383635616262646431613864
37663234363164623335313636623231666261333965383564323366303339656462633233623237
30646563663663643965336633366632653438353936356264663336373331373366323031373432
30356563373963653435393733346564303338663937636361313266303132393761653166323265
32376366353539643864666262623233313061373661663864306164613231333766623837373937
64383263323336303638363266646664393865353965383262613337316135363736653335323665
39346163643732663164653036366339383430316331323136313430396166323264616139336661
35656139636539326631353765656238383061633534623739376533313037333561363235323031
35643233393963323836623365613432323266623539313565393930663430346330386362643631
31303262643064313264383666653165626339363434343231313239333736396337646635626631
66616434346333353038656233343739316437663935373438316235323833613836623461393035
35356130346333653233623437666466666139646564386663653564613830616631336665643366
34336563656264623632363139333836363536313763383737656137386231343165
