$ANSIBLE_VAULT;1.1;AES256
39373030373335666137633339373566343534323362313165383562343530313164646164396538
6133363832393663616638393064323034656537333863610a613933376136663333363061666263
30633532313034393865353564363266623463383737373363646563396132313437616635303637
6337373265393966320a303133663537303635323739353466396161663139393139343936323365
31663630613137306632616639363064346563646132363435633963393731343033653839623635
63336538366265633065353431383938616666633662356337353733383866336466616539383464
36346638396561343334323434646665306363313662386332333761623661373466326132643334
64346636353439646438663064396231346535353830303731666165393964323632643836623433
32316337643730353063623635323264353530383065656236383834346532646334393135663338
36333932653539326365663936643233303163323862363639616265326661633734376465316163
61616532383439303637636266663561306535313134616631616330633737316634356535373065
30316463336335326433306564313733393935626633343135373030393437653331353433363061
35383136393131356462643231613736623535326565656331383435386537623464316233633934
37373262353366666330353233353639333432633534333933633337356164636632616131653531
62386461396661323936353665333436633061363139656239323236646662643530393533396539
34616635643132653531306130303166383665616533386632313537666630373536363137343933
36656630326664316166346266343262336631323362626431323861313263383234
