$ANSIBLE_VAULT;1.1;AES256
33363439323235616462313161366361316239666434313561613235383766326633653733393964
6464323661356131313765633439363738333938663262320a353639323762623034363634353831
34306131656363663466393961303030396265306338313064326531653133643161356464333763
3962393938363364370a346264326564633264333463633239613062333639323237386361623862
30376133306135366433636637623963356139306339393961393038306439653631646432353833
36316439613134343039363461616463613535613066363639666461653563313035333330613437
36636564306635336266366361346139313438346133326161646538623436656130663537363338
62343965366432636330363139333334613831353032633635396133323264643561666131366334
66376430633961383965376333316335333461366464643761623638663362633737336665343064
37323166396533316136613336356362613430616532666565316239386461343864623765643137
31383132306666666235663866616665393662663338613335323866326138303934623536343931
62663438323732386261623036663739306530646562643335346133323037656363323536363930
39653338633530333637376164326532616633343736353037653931396462653731303866663738
36653234363034343535343364633835356332666635333061666434346234343637353564393835
66646664343736636263316163396166393561616431313236666539366134306565386536653333
33653666616434373135623236636136636332653134366130343635393631366239613366656366
37313737333565343362363035326531373466373161323739373834356139303536326431336537
35366465636434373337653938323834303833323138313532653566363564353835663937663331
35323237316564366362613230353166386633393535333033373736393439633439666631643438
64383966386461646439636161646261376365323161643838363261623932353166396663623432
61666635383938373264393136363066376630326563313362373334373932363534373862353561
64386533663061303633663930653434666332653436656362303931343462323163343261386661
33383032643661616464386166363232643937396538353963616232643930653838633634623632
34306437633835326635383733366430343639633538363537346531376338316130383635636661
36343031633462383930323463313861376636356431393539623264356138313534613963613833
33393562663030353333623062666331636130343464343837626533393738353265366634646630
61353531616336313839316261336664363863323130373537613534333134396638333861653265
64366337383730346665383638336134656636663232306538323330613031616464613465333533
66633532383539353438323333336633623761376634363265373439623634653266393466306465
38653665396139303164353537313862303733666436396432316632663339653134623363623236
38346136623737663537643938346466336333313935663233316462666631376265333137666566
61346233393235303561393037623564623461316232366438323031616336373431343463643565
66366362643632393831646234616165323163653635636139326137326330376538383534353238
38323933323862353131316365363862383464626236343863313766633038393531393935363234
34346538643831303734373165316430396563393230313837313432313932626339306434343036
62623435643238633032326634363434306134346530323863333635386666303463333063626561
37316132333836303539376139646436303634326635616563633834313939643832353864353435
37316632363465393535333639626431306266366564373537623937623638333831323235613965
61336139613562393536373235313563363434663630653532666238313634666136613635303731
64396232333430343331313533353063663463393331336134336137613030393135633863366166
33313139636332623736633038333965613563633766316236613461386134343964323332633236
64363430343735316432373333303863313366373764346331323339356538346665306662333765
36636562366161356536386530626138626338316362303361303963663235393366343665396461
65323763313465376330333963363439656466623338373736636362383039613463323835633830
37313338326133643763633763353131346265366563636663353838313435323865313766356139
62616662363636356138336266656662633135383631316566663061396436626239396437323331
31623130653434363630663432373033386665363861303465343534643638386431343332656339
34623232643834366535343939393763376337623438323339326433336166363631383661373561
37633036373831383935653163333032303461333135366266333265656665616565623934623636
65363561393334653738323234306564373638643335656637313933343566373162346332636535
34383764656330333735626661383861323661643030353534663330646461346565393634613039
33643433326338366330373230616233366337316231643332626532386330333533636438336339
64393439626366323335336663633835616631346161323032356330356333643363643138343636
61663835303133623538623833303435623864633963623834313865336162356465353032333363
37613165633838613338626566656261303433343837313138363933323337303634653961353832
35316239656264303264393565306630346435663462353035646138663630326666366635656464
62346165373036386463653364386565626330356238613239383732323032636331326137393466
38366134376535636531353662356662396132343065333363636164373634313061623965656431
61303730393731366537636561306663306466653564653263376463636231313037306365326562
35643330663163613365303165363362353964616263363833636239323163666334353833366132
33623462363330646262376338313038663364336466623630386464393364353263326361363835
66613134346634636335386262363265313535343635326661303031306532316530363330303162
33343334386230326263386134306539346161333932656530336363663639313665393434623165
33633430303362333865373061313664343661613964633531653061363035666262616634333633
34353930623839383461636335353230636131353062393834396139393234313734656436666130
34383664343036616430363964633364373736646630396533643062303563393361373736633164
32373439306238656135363363376639316136343935333437306238353033653834393731636633
61363032373938623636363432336130306634643437363863613031373462353132396133323261
62633265656334643361393064386362653039303535653362643833656364616238663534373731
39356530333362613465353063356663326634323863653762623434323961663839653539656238
65323862333463393863333231343032326636616564346462393465356230383565303331633938
64353332306439616632373430663561316439643961363062643334366437396433316563373534
61376533343065306363356430313333323630313562316436633437633365313565323035666364
31393334363738313930633739306663353132663061666435333232383666623133633866343636
34383139373039643261383964393637303138376230626331353836646535316466633562636564
37376635323735393135306466636537646561373862316265313566323262636530323337303936
65356131636162663562616565653230373538343532336163633030376362303431313765616162
34303037323437376539343663326633373335633238356635336532313934646666653032386162
34386561643336383865643834366438393031346261343936356162353339643333333536313637
39376535326334313365633738643839323936616466643038663563663863663366303863616638
32323830666432616531353837666236343031633564313537313733653065343935633861656635
61363138623539303065636132353235663563376362643962626432396661653038323538333162
35623331326633623866656337333535633563346637656164333033356230613630303438623936
33333764373837313763623563633662333831623265386565653936386461333734313531383538
64326466393036386235366333356236313034616232333963626532656435336664633939386564
32326232636464336231623165376232396561653939303564313131653861656230633861636666
30363864643066393364333863303136393334643262333939393066623266313736653537343031
33383634356235386334303830653361616639663039376237376265656663613335393030353165
36333666656133643361613865646636613032323036666462623563373435376661646131626363
35323061343164643464376635303637666635333331636239383164323166373833646336373332
33326430633361376261363633626433366135653438316463653537656137303361623261613834
36613938356631643436666665626135626466313333333334373330633061616462333565316633
62326364663436356436656462363730356661366139346234346461306663383236643835383566
64616365313464326135653333363933646166666533366138303465376337323863393635663032
38343363623733353664646533323561633063626333346537313637626635613664393030663263
31316364313236313835643931336262646266653565646233633565383861613361376438383534
62316461303430373634326230383737313832333835356335303239636133616233366332613038
39343161336362653436616461336365303133393365663764303936323439336430393434666438
36336137323962666532623563356566393136663536316433346233336337626536386262653865
39363064313962373163646135356134353063623165623130396332333339613139323433336432
34363930323439393132376332323432613463333630616563653565653837326265623434346139
39653761333730656361616631613766633066633064643238633431346637633936633362393366
32386330373736323862633862326635663966656431343436636438363432303464653635626535
64343236343835376437323138616635633164626561346539303238313033393066626535353436
63363765363436656564366333393634303237336265616437663738366365323735396432343333
64326235393363373061623436663461303766663337353933646538366136663064306430353365
36653663396565333237393365396233343132343663373735323735633161366431323939306163
34373466363161353064376237613233376532376635303434623839623737646133363463333434
36366237353335306636336436663666653261656537623836333264396237653336663938353838
37353630313933653437343434653465666637666638376334396336643532653631393135303863
66306262346136306436356330333037343735353339396165353561653964383662346131656530
63313631393732303262633033626266383731376465343861303430663038643535613733363137
61343866626236643338376239636539383238343334356564353236313635383535346232366162
39646561333732656566663937346662346266613265363839343333623363663335326665623730
62373930656533386239656266666363613063306433306263393633643137393866363766336462
30393737363732643532633861623834373864626431663135393335646632316136356264386539
38366239616661356432656537623061633237656166633662653066316230633362613764356537
30663832366561623530313930323265396232313930386263613165383166393466633862396239
61343464303237306236363931383164373838633736646462656161376462373734393362663130
65356562366431636231366162383234616264643332653239356439353966643064653665636133
30613735353332666533326536343561663666373134636333636263353264326538663538623235
62323636326430356264323262323530306637306333356662303938623531313664626332333363
62366539393535656132326666323935393434653962616534303131613031383039643836636330
30336361333435623230373339313734323738343935633865333938323838303934343039396464
32373938653862363066613236643666383961633865363033393633656537323231353634613037
33373531313533613838336261363236653063666130626533316166613463346363633733396461
34353366633163363931353732396237373539653432643065623231353565356262326639323365
33366431663339303665656262396163643966313031666232376336386465666362663030613137
66666437373432313864316566303433323038396433666266613261376138653233646234353863
38663531663033383037343534373766623536343536346231316465353766613138353134363761
61643064633333643437313834653966666530333963383837346461353361643266373037623434
34326336396562333765643934383738326132376538376262386535656539623337383965646362
37343839323864373139396162636538383839313738616235653666633666393763353334333038
31376661346232346230656666653430313734666665323138656334306462333465633466373863
31646232366562626661363031313061383636303234386334613631346233333735376639363837
39373066356466623338663133343965343863663631653632656132356631306236333538393662
66323630333232663833313836303231303864336366616336306433376134346233373131646330
32666339353338633338646261316639343739376437666236623230623637366262386636373931
61653866333132626638373162636661663861663835336133333732303564653131366330356366
66316562343239396139666337373962366161373038353964623161633265393838393132376635
38333161373232333639323235643233313731613535356263393764373166333864323832636263
63626631393932316431633234396536306238393438663834643761336663356230663738356163
32623331646161656565353435663635623938616363613135626364333936666439613666376361
34376137613434653963356361363637313661663434356136646665316262626365373763316439
63643736633765366433623736376533396633626562616135633436613763653064393835386234
34656630333463383738623639363837306336623432303738333561363133616363633931636631
35666530326462396630393232656137613535363165343061373461646137626133366161656435
32313839353735666561353232616464376134346535376163623339653361393462386266333366
37303530303033323233383739613938346136623564373665363435626663643137653565666433
32653661306664376437656131303035656164623862613231626231623338313737383631363064
33396465303638303866303462666561343337613266656438393630666534633364353964636333
66633363626565323434393031633664653066323364346232323235663636306161383235316565
65623034343733353863386133346132643739386562613631373162616132653736646437653163
35663362396134613862353430376262396665316130666666636535313735386130323835353861
31663737376661376131326232326232313335326534396562653662616266396235333266343961
61306663643166353164326366303462623731383538303731323666306665376631353034613663
32376561373165356337333437636130636334393965333038343930386562376138353762643666
62316161333262646336363438366261383338336437396330636262333235643831363166316664
32383436303630653465306665646232376363643664366536396266353430393562356230636638
39393633313639653338303034623435326463666437613163666536643331653733376337323465
64366631636439383435363839613631646362393166656537393330613866303762343063373833
36313466643134663864386266633765316362386161666232383938616665616664363138633166
35356337326437346634323439363830303334653666326631343236643864363663623062636261
34383835306131323935333637393433626539336535643865393339386465356466363232313266
30326239636533666436336466363339396134313731376237366539306432326631306334366636
37363563633135613465643962666438663865633836333564393539613534653665646661623835
34663166353839613264326138353666393032303935646538393666376233656162373065383830
65343735636438363635376336386465393035646161346232336163316639333233396235386663
34306666316335326531643462333832373563343661363636303064636433393231663761383831
61353261333336353266376430653762363131663437366435646365613236396364323033643333
66646263313261643333623931626262366665323863313432333761373033666635336530306331
33366331356139666135393831303737646438376333356562623463653064303834306633373664
37613866633432303963363362613634313538333838383832326135376234396337356434393036
64343738353433376531396561356165366130356334386465613366623063656362313839333236
32393236653837613866383938356632386563396162326337303631646532666339623764366233
33376462333835613065356362366631353363313465353031333261643036623133626438653735
36396237626365386332346335623830323338333633326464373933663136366134613961303735
61316235653936306130646566386637643635323765613364383765303231343034643066306633
63303532353432353338393337336435623433383530323063633631316361616431623430376632
30313936306366346339356335316239653636616639356361363261386539386363306337306138
36323931313264353266653165653666396366393134306532623866613431613437633363383631
65653161323630653362653736626162663965306562313534343639323235363562653930366132
39333763323462343936633732356562363565333036653331646238326662353638303134663136
63366435333761613831303566646637366631363134393561633631346262373463306330323732
61363930343066626138356637303631653139363232373661356439373766353335653561393633
37393836643330393133666639323531356265633562356334373631346532336362643639303530
34346236363434613634333537343564343931323631613632633133333466656631333035633362
37356336633333363036323963396134653939646165386438386433653039336434633434616461
33336563326432656131646637333561336138383663343636346136366331613636663932396433
62626165656563643935613764336266386232383064323438303738646265633564363135346366
30396566303531346638316232646139386535336137363130306632303536396463373730366238
33396532646331633263393463396430353464313466623334313561316636343662373331363035
66643131303832663464393234666239613036316631336132353861336166326365373163346131
31666236303235626133383830663836633765363465343333303637373661666434646639643834
61623666313063636561626339653939326139656335616231356631346237336634353434336632
36386336623034333761393138663462333466343538653331313938306534363037343639623163
31363661316433653233346637663866653333373632323234393634383633633332633136653838
38346634383261393962656636353461376565353635363230366434666136303161616231303932
32373761356634623662623166306337616234323438633035363437613333356231383733353365
30363661313863313562613330333063646432333033373834636639613164316263303735316332
31366131363436393364613134636363343536646161626664343262336466356132333635383631
62333865376262396233643633313937396664613936333532366531313239613265356563643633
36383837353038386331643563353433343630343137313336333636663936326639613265356532
34623734646631316430333461313866356163373539363061316465656431313863366533373839
65623634343937333937613264366665303565303535323364663438333737303836306564376163
6663313063646166336236373830383463323161363034633136
