$ANSIBLE_VAULT;1.1;AES256
38636263333436303464633663373834363335613966643933376134326337353363326533383635
3636383034626336613239646466396238373338323335370a323661653139353239653366313438
31356164626432663034623835613063616564633666656334336130323138396366636466386562
6130303962336165640a303032666463623435333366393633643636323835383934663261643535
62343264383763616532623939666263646233393331633837616666623231376531646637333536
35363339653635333966366334333436623362646462663765346238626335333663643461386334
33626362663763356664396665333765323361343865616266333239323163646335636132363236
33376535303239353034663062663166646263616534336565656662376134333864333533623237
63346136663835303430653138613762356366353036303962333765666464343933656531616239
34343334653961363239373837306565376230316433366439643834336438303130303531333765
65323661653564613739656432343466653735666335623332333835386630303563343865333962
64326433646632663034623336643232633966353230336335613734623962356562636136333863
64613964623865386262636536306165306433663834393539613065636562343039626632633733
31343238356130653764313064386630663034376439643930363635393532353035396262333965
39393730306637613336383634643138386466626534353364666336653133653739376235623831
63393535346630336132656561373936343363613831316166613866653536333037356666333963
65386439356135396638303561663634316564363130363362323036393362646335653062323432
61393631623530653231646137393537663564623030356133353433353337316534643463306231
64353037383132653738373465383362356631333034613539303435623637393233363835336237
39663565626130353334623933323438383964383436616663613335663962356239663838313963
30353632623664383161653039323937653436653238373561396233366532323133316335646438
36393062636164666330336231633532386239623739386264346564653233363833306139663031
31336564643962623438313565646663373265313639636336663335353562373833623966303461
33366136363038626639333565323564366330356438346330616263613938623632613662366135
38313761396566653132323032663333666637356236643230636635616537633839663036316535
38633064633039323036303766663631663338363562643137336635303933313535343766356530
36623139323634616364663236383835663731316137326361333765643334646239323564323936
32383634663463663939326632656230623035343862346165633935376534626566313762343161
39666437366237366131396161336533396634333336386662646638626235376432343933623035
62663534353736613836616265363865303036333937316639343531376634373961313939346130
39613539633137653761666263666461393666306237623538643439386466356561613336383234
65613564363961636330393636363239313062323938343332666139356164386634636139663962
38373763613939323230613431336538323461323434653637363138663264363833336438326333
34656665376563643761343465363539313130383761643365303039653666326133643830353935
34663230636561353031353637346363626138316331623630366632626334646130613939313533
31663836306564333932366463383762326366303039623530323735396462303762663564303362
30376166343635316362633231343166323032363237343435303762613062663538623931623865
63313631396136323038366263666539323838366632643761633664653362613338303633336537
37643234376632656161356234386235346262633737653866393561373832383462313864393664
63383434336337626665373163343462643039643438303232366365326633326432343735626630
38336664316261353662616432663764383635343261643566363363653561393535333866623333
33353432373462626464326635396137363266646535313962393335396435346432613166373066
39303630636636396562613664376533313565626631666364366139336265383433353635636161
36343431326365623730636161363537363361643765623239613064666338613138643063373365
61386439663533336136623138333631323437303264626362396131633963376465623233626163
33623636336338643062386232346335646162663830623139663730323133653463356332313065
64616638633431333065333162616632666334663964383763343039386536643035373732363139
63313362306636373866323339306163363061623635386539643036343039323839386164643936
38393963356266643761313364633031353565363736373366373236376333396338343537656436
62336538373534663237313262613033363635386562363736313765613662363235373166643537
39663462313337313638343863616230636336653539393861316462373334363961633635356434
38383039343332346138663339656131663963646563313333303439313035306661333534663536
31366637363134643934323563323632386165383631653036666134623162623233376231616136
35363037353266323339663330356534346462656134373933396436343631316638646362656662
30653261633862633438366138616161356666643037316330666463333865343564646630366634
39396665646162373736396435626232316264386436656435626632633735613734316663656637
36383135343964383537633939386231636163623763343235643361623065633930356635396430
39333237383266386335643866613932333065366130383137633432333034386632636362333562
35323236633963386332383739616166343334336637373262623963343537303264356438636438
35353862343931613263353536393037623966303034653231323738386365623935663764343536
65363763663034336235353438323337313765373862333166306535636634343539383131666661
38366533306137336132326533333863396530393236306530633565363732663665343334656433
62383837343933336130363839626139626332343861396232353536326564333033303534613533
39316162343162333165643862623130613035353932303665663638396536633461646431396332
36636633636636656665336230336436643661313938643531663931313733663361303165353163
64643638373138646563326437356535316237663235653233656661356634646436623039316133
37646233656264316533613139353138366538323062396132373335336464313662383230383630
31366365343663323363316636393737323561336632613837616331653466313931323264383930
33353963636163626638663266386631633730383164656365386263306133333364393863323131
62343332623162393338616336636133306436666531646463643431303238356166653666393962
35366562356635633136396165353039643637313834653833386539626362316366303732663361
30363730313633386366653166633263623539626266656366626630643161353266356236346564
33636632383865656264663562356331633732386462386266396339633634383830653161633161
63383636653666663265393839626662656136353730303438356362343533303363323035343665
39663161623530333133373964366138343630333161383562303033623034666635663936376335
36653866623437643461666362393162343665396232613164386530363133396166343133353532
35326633626233393434633866623538343835666136316436656639346631643164626437353566
37636636626433623734623261653266313437343166353339633034333765306266396432346138
65633530393864306663636338626136646337316665393464373635346235333363666630366132
34666464313262326365343131643439336531396263366536323430393632653065356334633337
39373565303338336534643631356131336238396438323961353761666463336336343734616438
38376130353336326538666166313862333537396166636662333036613337346236306331356161
31376535613965313264303263646564373463393836323164376531386338383133346262316437
64663763383338306663346633316266373738383136626635313633656637343633666663623637
36376662373862623063383234653136663137393532646564633836656136396131333765393839
63306133386131343864653731376264303062376533376437636331366663366133306336636264
62383830366533306430333864656664666663316463636263323132306234303562353934643235
64316333343732336130613265383837656137663131343930343630643732376361336137646637
38373530653865313164343164383235343566653165323031353830336631656162613332393639
33613430393737393961656635393134336538653633326364333332363236616539396463363762
31323936633763323832616131623332383334613432356233383136393264653865653932376663
31343166633936643461643361613535363436356363653862643966313966346564333761343633
63333261366430333135646438646436323739323466623264643034396264373339373966623938
30336538373232353530363030343330626135356338326232643665633464626231323264613037
39373866613939626333333036323663633433373737306662376431353765383730356665373731
66333562326635396461633439646164646635346564363364623564353662326363623139306262
63386632613066643936653565323038393261616562623661666562336564363839336264373762
34353730623930643261333535623633613535626337636662333230633664326639363164346261
32636137316165313265383133636330386633616535353737343463396664646137393930613434
61333361653834333631323936623435336166363130393265373437346165636462366632613239
30366439626630303063373133313334343230386437643736623565653639306633623465393130
36323132653935626134666166343964616136636130393031626534636563303333636132356430
39616265396636366530353932383430656431336464633533396365373332356430646131336133
38323737376665363536623537633262386533383861343130383962393962376665653766383362
37326565323438353638343139626134386135663931323164333731353837316163636637333931
38353835616538353333636235363030636437366131623531393939383234663466353030363338
36373165376632643861396538616533653037376237336134623839376638346632666531366565
62633338376264633430383631663730616636653032373464366162356136326332373735353862
66323166326365333064643066646536653038313536303262303036313761386561306332316536
38643138353039643164363665343239383033666664363261333239333337376162633139626137
39303337306264333662336132616330353066656464303834343039623835633063336135646363
33366536306538666635323731343238363935616533313966366363316265386134613335653161
62346132366537396164333631623138613739393931623564393835626337343532333265383732
65356463636234656633363737613163346432376530396265343862616237323064353663356463
61336239326438356466666233633638373239363037353565666430633561383433306562653364
30613631343964346135653736393062633833323265333262353030393766356563613730666339
64393535303264623562393263366138373030313933343237643230326332323832633637633366
36656664393231396461363264393235396434323362383834373232643836363936336462653861
39383464353062393133363932356433343838383932313430646634633131363039396331623331
37393739613630616263353934656137303434386532656161373639326337383763653238643433
66303737643230386137666337373932383364336264616135316134333130656333663431326438
65646331646535613638366538376136663362316232643566643935393336343935623661323537
34323136396437363331323334386234396537646565323361356532336230623862613365636631
64336562646136643761633763366439323535343065333039313439633431346138363131613338
36323864366566663961356166376236383431386630323736623333646537326639333164633964
33353339353535386366643763306664313539663330663139336131306664386533633237336532
65356436343534613164386336643564313561323564623163353462313832656266353162346139
38316261626364383466303866393735393264363333643565616437303963623735386233393365
36623432366136336562333565633265323265336131303837646561306638656562636439623835
35613265353666313032343365626262653631313430613866313538313066643836346235643865
35626361346536333737343833376466376366336238666364633737306335373334656631646462
35623364393131323736623462633861396465373866316163386335666539376635643264653562
31333535643862636366643039373935613338666663653263613364623262653564333763363665
37303734356163313961326261303439323464633332643337636261366134643435646431653736
65653238383862343431306634393534653631346136343636333364353834636538393564646232
39356438623538663530306561396666303361306230643832376266653932383265363766363531
32613135366638343437373266306336363562616532626335623032386533633936306636393561
37666134663464376435336262616635323966653864366330316265353639636662356564326364
35633031663739626236666232636663383263616637656665653831353966613264373938633664
30663561346535373162393137313737363039643833396631313566643539353264623630656335
30343865386233623732393862353039663261613734656430323463633632623031643663313133
33376463643936366431643737306265346535323462656665323437306564393832363633386530
30333139333763316464323130656231626331323239366537303466333866393037626239396263
36376431396237366239333639383339303832353566316161663563306633323539633862616534
39363662303963663262626137633436333965353863636537373338313036656230316465643462
30653136303665623166613338326662386239653736646264636430383233393436616232366538
33356561316339306638616231336534323634623236653636613633343833303964643831633739
38373561383562366164306462326539373037356131636466333066623332383236303930346261
39333731666530613161353962396638313931626462666561336438343830363664633632323634
37333333393233356530343732646361643634386431376266323935613866613536613731646634
37396439616463636461663430373162333065633538313364643661363235373134383736396432
64656230663863636561626363346464646133623036343132343561343664396439376362386631
30346664623963623661633365303833643635656139643731663964343831383165336535653732
31393436336666643233623862316139323639333833323036633837653634393330653038343737
36663665373062353131366565666637646438393636323035373263653732663863646637353264
62383439386361656236326165333866396635383462633334376532376365333565623835303933
62363334653435303661356230643032376533333330366330386264356235306564643861303034
33306664333932393233343630396565383362636334356234656336363066613965303863313163
39366537313930383563636330626135646133393432343265346562346133313630633736303062
34646439616436616463663033646136626534646331363334653764366262383337306334313036
32393134313966386562383034386531333531303565643632323264656638356530663036656338
33313033393535383135363131373938306163613331653537623964363633626338333961633931
61323333313039346137343761303164663131363262306663633638663131666366666139663239
35616163336639383536333732306564646535383737616565363062363633643766396464623331
32333933363733633833663939313735333133326263353534633731383438636334366364643338
38663139353737303662643836356262346335613965333930316366653064623562303433386466
32393761653231643836353533376264363636646230373237396231306635633337643335376134
61303635333137303039363637343331393064666263656534623536623834633236643166663934
30353431613464383664373438353063613935333536396135373666356536333164343631353238
31303138636238396531353764663337346337313133333565306136376135313534653534306531
34626666333762386132386537613938343133663031393566383035623133666431663662623339
64656664666633313466313230343661346666343361613035313266396664333236353834623964
35313730396636346666646364643637323534643134626231663137613764663631663237383737
64386335636564356562373966386139346232356131376364373231323531383439653038303461
34636437613431303531656336333530353764363131356332346434366462656664363833626430
63666164666132323761616166643031643561623836386137373632346335333238626337306665
30613333643635643431386365633366333130306431356535626463373234373932636265326331
66353030306534653866643764613631656335326666643836646637383864306666306632623464
30653234373036646135656638366562343061303832653031353666323365666137663466363032
34353065663661336334386336643233613834373964626262376333363061313231336363633634
62656663336338353762386465373735306232366336643134336632333137653962393938313762
63356561313466373038663864393834653262323732396263646236373263363763643865343834
65616633323137346465396665326433353465353135346133326438386431333430623233363530
38633862393634333663666338373764316361353431393962646631336563613138643163366661
34653330346166393236633937353934353532383462346133303837306666343339656235653163
35343365366638623931386165363465313236323838363461623535373134626264653665346263
39366663386138343134353434363231353363336666613761633631373333396232646666373134
66346264303736613532666631613062663937623763613663616164353239323138613661316132
62636366333834353837663632343065316166663838633065633365653264313061373231363538
65643761633937613839353630376564316638343837636365393062303866373065323633646162
61303465323734613963383239633665666262313061633232313236333733356330643838653961
39346232366462376137346464646438306335376262636365616337343830366538336565313032
39623133343839373266303832353265343434346361643064323064383366653262313434306233
64333932626133326566633566666430336333356464386666336466316536633130653334353761
38646239623837316564376534343661316535383865666166333930323262643835643537666339
62623132336139613236656465643833386464666431323437633461326132643735623333346138
63303661353730393361396565643831663230396262633533333565386139306566663539386263
38363231623736623366646163376264333637343734666266653834653539663234646333396632
61313838626630313062613730383032333164643035376262383535636235323532653766633431
66666330616531353464626135316266336633336431666333633764326464633436333035356637
30633134636238346139386665613466663032333536313538373835636661343666633363626138
34643665343562383835626263343836376539393430306634353334386538333739616434326263
34663138643335333166373138616334343330626265336461353736656334323130613935353462
31373734613636316634363536356432363231363837616336356434303737346162323564323338
66303266663066613731306436373566336366353838373538623531323139343863393765643062
33353234363665323737386238623038373533373734326139313735663561323563386538303530
63386461336534386564383435613666353263633330373065386634393731626439633363666139
32663534373630323530303066653734666535623563633331653034636666663464376530336163
34323037353437653933353430366165306136373334313936333736366432336263636234663039
38303961646462646139663361373933333838393430653139383363313831386664643039653337
62313339663335616536646233646231376432323433313432313335323663666438653037303239
30323065343062353830396166633737666666623665363465616464356432323836636564383738
35643532373636383363383532643064313830353334663835616265616338303437383539316464
61613636363561323931663533333036306430303037303838376630333765356339643064633462
35626230326338303161316338656165663066386664653265363831303862613937613666626562
61666463363235303533373933396262376334653737346139353832626263346430653130636234
63323762356534346236316163633266646639383963356462363335653862386436393835323637
34303438633137373531333136393337326464363536333930663461363435663563663863643034
30386432363562393232663136393565356335343039616230623964376166613530336339306531
37336262316430393339636562383639323266373336303362373966333561643738356436653436
30656433386531366135653534356332336161643666643333643836303838666161306636323231
62336434623430383230666234323266613439646135646638633634383431623633666263663733
31396163653938336466323062613233373630363832383736656331313032376266363863396461
65656531636239383838613266376665323465356439616537353239323133326361393033336137
66613635366563303764386535363265313533376539363363363164363766353234333233613437
62346162643463343237316566313162646531323435356532356263333664623637306430313039
31363135336566303537346631353133653031643131303531396663333439636233323666646230
35323833306435393832656338316139313336663733396164623934633164356431626132633561
31353465393363653662613264333033316537636463343230363363633037313535323333393862
30333263383238653134363538613139323532616334376462623331653862356337626237666634
64323365386664343466353033336634373636343565383331383164383563346139373237313465
33303038616130316561323965366665616230373233626134643937323430326337333530663638
61633362393863633631343337643939623034656631316438613761643064376233633238373535
34643934363632376436613237643562646438653730336536366638383132313564613432393865
66363765613136666230306664376466346266363638613766306233336666316436373037333236
37623966393963363036626638396666396134663632663762393834326130333730366463363166
65666232666463663934663933383964363063333031636433663739396163613965383364316636
35386463376137663631333335343131373231653337656331646239346330383533393438626330
65636233346236656637353738366262666339346136366338313364306265623933626363613731
32653133306435326262633836663161633666626433636265643734383835396237313033333164
30636536393239613531363933643962373562383439363934356336373636666635366233666166
30343535373933316266633164623334663264663264656262366663666263623039663236363630
32623739616333383963623336316432633634343431306634626537323636373332356330623663
37666663333530313662633663393031353562393630386436346231666566613562343336393761
35616637363131616238376430323361353766356466373765353931373536333333356134666335
36313465393534383431643663623938633466323038363466376538613762663231623537353762
64306634636266613530613535653263626135346337313365386461393732336436383961373337
64316336303036316632366337346562363430626564386662353262663035393662336538653065
64623464633939336339303564666635346230383364373635373239393364336438303065326639
32323265343530336433383935396335396666313037313365643861316465336131643332303866
66313531326138646362343839356539646533366336326462306335356663386436333930633539
66366430643833343637386236303438613434323939323261353566313030626437383633353461
31643565343334303234656663613438376335323966653066313765663339366539343962303164
36616637373631393833333138303732663333643237356638386165393332346231383632633239
38653663356465303662613738306339363636363562376530323732306236616531303431656666
61636438353065333238366561616361313661313635316634373539663763383330653163313231
63623133346136363963313837663962383531346165383530616565623437303231336265643264
64333635393132343035343233626538653535376530306133346661333762316366333733663562
65353663643532383065383061636339306438333538323264626461653130383538363361313661
38643136666362643231313836326564393037646634373835633765383736643435303763623234
66613033323734323732326532623366373063393365393436356135333265386465353639313139
33383436363632383764633335653436666462313861333138636530373264653963393036616565
64653063333436373364373265323432623336343535393035653439393662383537663532636564
31623931383737383632
