$ANSIBLE_VAULT;1.1;AES256
33326237393034643830346131643661343934633239333665356666353436633862346330366637
3036643039356532323734643561393432626566636536320a316566613538643463636330383766
35373761666563623938343963303166343039323934346632323535386562666436346634653430
6462616430366261620a313737363330353966306266303438393663653461636462653431373862
35643461333034396335316462366166323339663630346137656331383961316364653137626131
37663132376430636366623339383331323963393164623263323430333063333266663663373931
33353861663336373162643238663335353239616635613565643434333236336630323139306561
31363837636637653265623739646638316239663832313235316461306535393839613130393737
65383435336132653636313731343461316466653461623134373334363861366238343730326462
33343730653963333633343465313563356132613332616237383961383736333530306233373337
62623065343636336163633830656532363161366463386335306335303931323735353966393564
61623839303530316365386134653164633036626362643236306463373163376464383130306133
30666331623766663637363864633163663965613765623562636564393032313864346463343631
65396436326264306564306561316662653361653631333065613761393062353332646566326664
30646534343836366130336431366231323565643363633330636165366631323133353938663465
38356532346165316235386134393564383637656134396133373038663262396236393562666665
66313034653362353634343265643931353161383434353130316135386436386335323134333466
35656265346239396462306465316166626564386165323961393937383830383334313535336233
33653965623234353764306365666566643664646335646332666533626132303431346164353630
33613936323062653061636266666461633930346430623564333431653435353739326165643066
31303861663836646238333137396664383038386131353635333535626630656235323733626364
62633934653031393636663362643465393564366135333834303534323064353934356635613262
37646636653936363834643435363034626431373163363061663864656231653738653563666433
63323863326130656564353566643362653263366335643165666530623264383064393261633865
63613438646663653634346264663362363063353564343633613434323037376566653365663838
38656361316634383336376434643865323031633064623630313131323662333435353630326263
30376435376136353132366365353132303461633331366462663938626664633565333664383031
38333635643533663061343231616264346335383039336536333763353336623630306161313433
65323735633936646162333363396365653661356331323532356139336237626665633539633063
62363561663030643538326636623165363738383932373330313534656463353464363034613833
62663261303630636461333031623566396233323938386133313231636430313738363966303930
66396465636135396333306538373431303361323863396532636362633065653238643637653636
64643864373562666266316333633165613637373035663263663337323636303530346231306530
35353265613930383937356166623962336630353234623131373165633734663634376361373032
39373539633864636230633236333762613637336363613532323431323236633034646131653962
38663132373833383866663765636339623962336433373166613332313234366234626237653132
31313935666130653833633131306632626133326330323133653166336536353766313934383232
36396135656435333739373938363565383835373435346564343835636538343932643737353866
33633738323338363462316264386164373734356331303631353065343763333031366462636232
64373238336461373538656133376334393438343532303232646265393966333563373639336432
36316432623335333565303530663562626130306132663832346439333733383337383136623737
64613739393465646163313862353038373033336534633561333965373866313334646138663463
30643465366662393738396339313534383839326638616666353138346232346334353539316262
62343662323337336265653465326133303761306261626664333963623135383964653837636661
35663364356435613063353462373439396232306433386463323863663862353861396465336563
3639353563373131333732396633663261656631316566626431
