$ANSIBLE_VAULT;1.1;AES256
32373465386231646233383237643031666165613762306235383263356234323163346434393962
6261626336313438303566653030393733373231646430320a626631346631663663383934306364
36393333646631353134366232363131303465353361653836383730626430373034656438336538
6430663631653033660a636337383839306331303465653937333931346532316339616333636636
63343931326337323432633736396639323336383566616336363933373039303964393565663833
39373064363735343461396166363564363030623135643230393435356565303564373932613462
66326532666637333834386266653235396464633864653166323266316162343539356238353330
65623162326237656366303463333665646434363733653063636134363335333134613161333865
32373565363733666561383538393866626538323635396339396365393735636232353236663838
37383835306564613237373161323139393433313436643938353163323634343265643062323961
62376364353665383838396563303766363864323766613263633566323738666230623332666132
64393733353838333261393539306530643434363465356463326330323034616566343933633331
31363931326633643562393335306237353566313266646531323537356638343030383234613132
36343237656335663961393736396333323230356233383264643762666337383263623334646163
35303930613563366336353432656665303036363730393664643939336635363232353264343761
37626138623561373661336462363535316637316433633734633933626663323937663466316665
62623431623865323332366533653630393931333563303266633265336336636431643534376332
30383935633563343631623232396566353835653363626430326233376635646464393964383036
32653763653936643431376238623766313461643839663862643333643234613939636334636362
36626635653336323839303835386230386361626364383836336562353261313035636530346461
61303135323533356538313336333666613432353039336437393731393130353165666562333232
31396162366266306563663233366562613937653137376532313265626530306538323863363837
62316139333930363430363631663464666439313635366262303764316163303733646566313338
62656131353166313634376662346630326132326330393032356130366530343037363032653164
35636166336337303332613332386664643436356534653231396336366233656663346663316636
65386636666366386434383630323631643535356165353238373364353165623361363234303337
39323563343336333034656462333435343966393335663730613733396162393964316566326133
33383234393133323638313832376337653863613233633738356565613732663130626366636535
66303134633632636235633861363266643230663431616132393537623361396639626237323931
65623238666133366336356137343763363537636433353132646532303839656265633930613530
66656635323436343439613638343836343365383162666461316661353461663362666566353936
31633962366636313462643435616231353564323530626532306531313739373231643932356335
64623130303239623538336335656639653738383636636565626237366133356631323534666462
36356133333663363465346630663538623738393163393632663039616331386164333437646238
34383331323530326132393239353061633130323864666562323935303863643261373036323535
61303834613961363633353263383332636230353766303537633666343466316138636566626237
61373337373130336266373132326535613661613437373763616136393365376439663538626333
61333366633864313737373131333733316265383363313666393737363163643865383839386565
61366135313766363830323436623535343664663137373834333966353066346636306339343036
32626335616166613234333035643231373738386638306563333563633763643363316161356562
35333536363063316661313437333164303465613435653136356336636233336138623137326332
35356638646265326235316564303531366163386464366331613238633635393638653536356232
32633164393935363235323031633362386236653230623566343764336636386135613161626662
66643932393366613462663832393735373035633335306134336230306231346162613966656165
61326338636431623930353839386231666634303764656662336561636438643964346536343562
66383036333864393966623538323731356338313465386364623462346133363633313430336239
37633966323163656132346466373561313739663735333266333632316266346332386131396332
62383239623031313935323634373331363831366663313036333665363038633163666632346330
37343631386465636265386436623565626363613633316533313637306538616133386266326633
38613233393064613932393162663165373362356233643931383731653736383064343032646265
65623631303063393639653766643031623662666334356164346635333238623161373235383531
62643862363066613662613837333164623538616130396565326233346239386435333464313134
37633232333966386534393336396166336465663335383937353562343762326234396462373735
32393732303632386137323039633739636265613730373630633030386530356263613762333834
33373832316434633237633662653561393137326566393139393038316432663032646339346338
33333161353265616331633730323533376630373763663761363061363936636234616431323462
31363732323130353763666663383866316262343839303964383136623431363137383933646232
31366137316234326437646332633238333038333739343130396439336535326661393039356332
38343963376238666532333938643464333030623139356235306463633530316363623261363937
35313332306131373261393333376634613837353432346335646464393433613563333664613834
36313738653066393639643064326266653031633635303433383332373337323164393131393338
30633038626631646339646562313663346239313037653339616636383235336636656337376332
63343561373832663836626563613766633437643930363938393539363961623934636536363664
61376636616233643636613665663665323765663532636432353962376435613735633233633061
66373530663338616131373630323932656530623232356637623932653231363039343762343130
66363433306166353864313632383963386235633731306666653166326134313863383838623165
62316330613135663635333362623239343838646166636135353035636431303966386634396663
66643466663937306263623461633939303363653139396335396535366131666431336165343635
66366262643734376133646232666136613466646430343434656235626135653365633066346666
61306430663531373433303539396531656636303639326131336439383538353864376337363366
33336263393265333563323661323865383462656232313962303066323939323033613531353731
39326333373636326563306263393864343736646362646436663066353466333530633935643633
39653335643066323132613835313133306132653839353637656365303131383761363536653430
36353163613461663461323966663462653765623539336365643130393233373639383437303966
64333130613831393931353038646632366631363663393166363239346563363338326361636433
64313135663965366362653162306466653031316138643437386662333062313639346566636330
37663366313532376566653963393437393135626362663562623463303865356130323438306638
62326337346561303164346165323966333361643461663231623431613563363739346434356539
39323361616662353133376166663832626330616663343536373636656266303466383163653135
35646466636462373665666336643834343635333862653265363763366233653061646662333066
34663039353336363034306135626462643265643937386339616163343365393062363864373833
33376266326136316630663730333665623032326534303730353537626462316333653139643464
39353766353936316538353131363436336637323665386230373133353931326266616166363536
34336434376430303032353865633361633734346432383530646466303662323537353138373966
32666336353536333631316266356135343031663062396536393531316139326539366666316564
31663466323334336533646461393339376135313234353764383231323964353066666339333362
31363736356134633837643237373165663038646131353263326161316237633437653465313532
64346361343534643937323264373864376536366631303030326430613031653430343537343462
36613037613133643939623561366631613737326233626164656665646435336134326466313261
35663139366333396364336431386237386266333266316135636130336230303362333234323261
65636539373563666538646461316330323731663636343638656465653333373231633531663636
30373161663034316566333935343830343036366334353230633865333738333162386366393439
64356631636338313331623439616265623464626566656630373862316663363437373065613732
63356663326439333066303539326566333939616433336461666237326332633130646334343234
39613164386138653432346332373335386330663839363238646639643039663238373231633337
30643036333932353231636665643130623934333734306638323632393361306430396166366362
31363165376134353363353865326530653135343239393631383237373630373839353136373031
37633962643966646261383233626463613335643132653462346437653062303337363735376433
63376561336261353061323164323332613831323164613365316362346664363337376632316266
64306533643739336533643231353464616537303732353237373337316261386564376432373964
65353862653731373639333966643466616637646632313131666461653639356538363137306335
34333738396362326535363034616263323036363538343136366233323736653261613835633932
35636666346262376237633935346137633361646138623739633031636234336561386438313134
64313935323464396237656535373937353762333337373664343163613566663762633563366463
31333238363761663936653564666439383737653339376333376634646365353161323466366333
38663931323437666432666664323165316434366434626364613465633536383232623434356332
65373831313038366263353162363633353430373064666535656233623934646135376536346630
38663231356162656335373830386361303830613161336465623561313730643135376436393339
63356132663439383234643133386539653862303539643434373662353865653231633365373661
31616235646434316138303964386162313036393437363134393538616666323531616432323065
36613031636433336465366132653866323163353266653865323633666237313166626537316161
31363339656436623463663366626131373736383233623930386163663266653935303561646165
36613331343839383135336661616133323239373564373763343936613230373163356139623733
61633430353063303033373331623964316161663433333234346136396462376230336461386463
32633134356665643636383535393765333034313933386236363738626261343539383537316363
32373733356263646438393831353761353962386439336132663335323031613361343736616630
32306439373735633237613539616634386335343435306664633330373961356465666464646465
30643965356466653931373262303037643863346531636466616464333434613137393838326339
32616462323138323066343732663233353437303134353936633631316132333737333061376462
32313861333862623265326330383033313838666239336630653635323363396134353463663135
31316664393533316633373934386364333030613036626463313837373033623761363731663430
61336431366264343638343539323331333733623132616564383863333138363134376139633438
39313137613730353561306165326439373932303864316161383630616439366363663865656338
32316662386362623030643263616331646235303562313461653231323931383437656533316432
37343963616636653331653134383165336162633130636266323566386262363062313831663232
31633638656661623861643961653633396638336530323063653936343865623737353732316330
35363934613761633833356661316532636666363133316434626666313564383039656238383436
34353766633435383066326338653364383065623431336166636132356434383231383563373931
63633532666238306465376237373732316236306538656137343035313663363131663066666264
31663539633633393333616437393530373933366238613861646265386162393266626337343838
30363866353766363731303534373266393466366564663866363365656639646631353732393536
35316335356438393861636538336335663538376433633464666537363634663361333234303935
30613363643739613263343865633632396131663662313663623534333664333831633263333933
63663233303135313530306137376266396338616236636436323363313437613934313961636665
61356562613766613936656632396533336134636237326561376636396539653433646232373838
34626130356332643262376466623064323864653839656264613134303134306236336262366165
37373365383061363261333035383561343431353965333563626338383066373063643562636430
36363135356161333831323834376334303034336366313332653538336432653430663132343733
61306636653965376130396663643732616231373235663863396631386630653435396130353837
35656363356434333466653939383034346431316138613564353231313464656331313061613934
38346661333739303037306233626663303533326431343231643139653031656431663738646432
63323035663130303163353530363262633265633036343430323163303164396232643061323531
33646333393337343932323962663435653530336636396165396634393631636532626133643864
64653563336666356235663465633164326137353965386534326662393637646534656466636139
61666564356663646334366264626434306264356539313866633439373963383635323138353430
63636430333334306164393163306636326637626163303262373465393133343262376465663631
32623664363964316533653764623731383461363839316432626336636161356537376636623163
32656164663731393965346537303763353639306563343333363633343230616534373961303962
66353965383031656465623430376136343865306437353038363664313739393536356366643835
63306338353338346435336435396165353438383039323163363032633662633634356537303865
33383938366238353261323630313035356263343566656136356632313137393963346436326366
34623563653966643366376433313033613038616637616134363663356466343364336661356236
36396663316363396130643066656336376264376162336538613366653663653630336466353364
64383938386337633463376631636661393637353230323565623766633965633133326431396363
35623330363133366633366630383663613238363135373862336635303537366630613165303164
62613131653833653936646139313062656339366331646530346463353064356263666461643164
63393139393331356337316361633830313937316261626238353036623130656162643063393935
64373962636266666330616562333335353833653934316331383162356531346265326432313737
64323761323764373163353738653136366233646630376132616166383564333031656539396438
34643236353761366131626366346635393534663766616264323862643934383362363830333461
30613332633761663434356238323132633462653730353038613138646239613831303636663561
31666563633165613539303831336530396364666666353639653730346135386564366466643130
39643238336431383463386639616464393531623934306337363135343635396434666332333238
37363732626464616663393065363837623466396338333835353436333961353730306338373663
62663930316638623635346530353130336635653234353030346364396235613530633564636539
31303834326666346565343861373261343163323331393033353236353762616531616666643331
65666135333733313932653031623037623431383463353332396362616630616631663161666262
63653335336365646530396166613666306535383436373762383636396233613965343432653363
32646362663865363466316432313963643063393239613166333963383737306635616133663563
31333666646235326431363732373563353437333837313234626234383463373137386337396463
31383231386537343064366631663932646239363238353236303032306233326331316165303939
36626531363966306336393761353135363938623339306636303164636538383561613866623935
39373435393462626466346365396363333632343138646434396366656632613132653966373938
39626433643736303933633765643131653039393363623632396139393335363465666438623262
35313363313463313530623337383034346362383434333762363465383739386431343233303261
62623063393266623133326634386561383339313037396633643036643432613936626464346262
62363234376332363664633638396332633231643434356661356130373133656334643833653930
31646335333836393635396638303436346538616164353436333131333736393166626535616266
64633235616363336664633566653935613835313535303462653462663333333838306664383131
33633063313232373638396431303963306435303662613732353230343338646631353135656339
65613262656663383939353066303461643233656461663132303737316333386264356164373736
61363335376431633561663763643734616563316361373538356536333930376361373135643834
39313037376233386361366233653932633633616634646263366463333135356362366231633363
31303237383839313366623035343830396661613331343833353661343739356436306664373531
33656138343766353762393739353162623763353362376434643332363434353036336564323034
66333637343630373336383930373530326666626438383664313635383230343838353138343936
63656661653931323738643362663961313064363737303233303864663965653662373265633038
64653833666339353865633765326331346463613739623062623262363038393537643361333433
61323031646164373432313664336237643961356439656530626266393263356530333630613964
38663864316133613236333838633739366662343933343737373739373038666534326131373936
62373035616330373733356131313536653831343533393237356332346333666230663061636362
61353962306533376465343564303230643033363234353366663765313636636331626365303264
37643734623562306632313131343964386236663432393565303466346238393266323737656262
65346639666466313437316566303034383363333366363732373037643162663835323930393731
37383061313563326538393230373036623966653963613830316430313234363836376133343166
65326565303332363065623436306332623437656238316432393761623730383861353332393832
38353535653832316266333061333030363532336363633630396632633165343835393230623663
31663432356337353961306332383632613064643635626564336338353865616533353663396336
35306261333366653039303637326562346461633961616266656532343561353634363733373738
39656665356631376665386562633166306634393139313035636266623164656330393034373563
33353133623938626236386562633939653532646133346138393338636265656264386530393466
30353034646331303863306133313433623263626562653861366162663536623366646563613262
30363562353239613536633631396161383936373230393566336264646335313764313464373730
35666539646562326333666438646365333736653434313130656532343832376236613736333633
65313963643430643933616133626531366163373837653839613935353736653665643433656465
39653633613666636339356533663132313739303464343039303231663436313630366334643162
653633383835613162313137383539343961
