$ANSIBLE_VAULT;1.1;AES256
61313631323461396662663933376139636264313137613338333534366633636535313532366635
6634623837663331376638323162323539656663383332360a303835343637616436616538363832
38303063346432666134343633333664306133376531376163376139343136663330303662353035
3637356530393131620a336139303131323039663764303666343336626637663435386635353131
33346364653462353434616464626666383531383864656333663330303464353962306635306463
34373634653632336164343030633731363432646633306562373265393731333437376562346136
66336462613537616261313936343964653738323436393236653930313035336131396232383530
34643034643965313930656337373631336633626133386266623264383834373561653635346638
65306336656234323461656263633966613930626431613262633433646131363463373066393730
61356163643464323237643464373766393032366639376638373464376136626364646231373033
34336366626463393232653664343235363761636361313663303462643430653736656430663739
30333833376232666561636237353630356666363063393937326238366630663839353130343138
37376433383732356230363266366263633461376239326332303130303166386364396565653730
31343061396239643534316465316530306336633836366137343462653836616235383164383666
36396565633431653339663961306332646335616231393334373265653662613334323637643734
35643731346135366463643432393838323934353435333536333362306135626436313932386135
38376430653664393862366536316466666236663832383961323361383137666662613439366531
34623036633563383439333632393830323837383765396537316230626635646238633338303361
37643661396632613766313236666235393238353564666562353439616366613130363966633033
63356133636465663135323762656230633630356163323964613162333934393739343466343838
36356335643633653034633331376466643164383735613565393962653133323338376262336339
31613937316266643439333033363763383261313831653961613732653235346162303736646131
66646461343533336631356365303431363161393566343964313532623339346232653131616438
63303164303930656531313834653761366133343839353066346131626633343764393232366534
32616137616431623865663733323837306239653561623632313564303539613034313464393465
39353265323233303534386233366632653162393339316432373535623963393863353662336330
62383733346238373233363465343136333839666164633433306162643434393861616237613831
31633533343233633532343937316332626134643065313165653361613034313430333831646438
31323639373535653439376333326163646335633430343932393866353036316465376564646562
35353937353535396131643161303261653736343161633132613939643432386134373133336539
35663734666331393966343531306638613430346235356461363561326132616563383836623138
30306664623033656330
